----------
Train data:
----------
Accuracy
1.0
Precision
[(1.0, 1.0), (1.0, 1.0), (1.0, 1.0), (1.0, 1.0), (1.0, 1.0), (1.0, 1.0), (1.0, 1.0), (1.0, 1.0), (1.0, 1.0), (1.0, 1.0)]
Confusion matrix
[[5923    0    0    0    0    0    0    0    0    0]
 [   0 6742    0    0    0    0    0    0    0    0]
 [   0    0 5958    0    0    0    0    0    0    0]
 [   0    0    0 6131    0    0    0    0    0    0]
 [   0    0    0    0 5842    0    0    0    0    0]
 [   0    0    0    0    0 5421    0    0    0    0]
 [   0    0    0    0    0    0 5918    0    0    0]
 [   0    0    0    0    0    0    0 6265    0    0]
 [   0    0    0    0    0    0    0    0 5851    0]
 [   0    0    0    0    0    0    0    0    0 5949]]
----------
Test data:
----------
Accuracy
0.9924
Precision
[(0.9878787878787879, 0.9979591836734694), (0.9973568281938326, 0.9973568281938326), (0.9922405431619786, 0.9912790697674418), (0.9911154985192497, 0.994059405940594), (0.9908722109533469, 0.994908350305499), (0.9921348314606742, 0.9899103139013453), (0.9968454258675079, 0.9895615866388309), (0.994140625, 0.9902723735408561), (0.9907692307692307, 0.9917864476386037), (0.9900497512437811, 0.9861248761149654)]
Confusion matrix
[[ 978    0    3    0    0    2    4    0    3    0]
 [   0 1132    0    0    0    0    2    1    0    0]
 [   0    1 1023    2    0    0    0    3    2    0]
 [   0    0    1 1004    0    6    0    1    0    1]
 [   0    0    1    0  977    0    1    0    0    7]
 [   0    0    0    3    0  883    1    0    0    3]
 [   0    1    0    0    1    1  948    0    0    0]
 [   1    0    2    0    0    0    0 1018    1    2]
 [   1    1    2    1    0    0    2    1  966    1]
 [   0    0    0    0    4    0    0    4    2  995]]
