----------
Train data:
----------
Accuracy
0.9995166666666667
Precision
[(1.0, 0.9998311666385278), (1.0, 0.9973301690892911), (0.9994967287367891, 1.0), (0.9998368146214099, 0.9993475778828902), (0.9998287671232877, 0.999486477233824), (0.9996310643792659, 0.9996310643792659), (1.0, 1.0), (0.9977699904428162, 0.9998403830806065), (0.9993168232280103, 1.0), (0.9993280698807324, 1.0)]
Confusion matrix
[[5922    0    0    0    0    0    0    0    0    0]
 [   0 6724    0    0    0    0    0    0    0    0]
 [   0    2 5958    0    0    0    0    1    0    0]
 [   0    0    0 6127    0    1    0    0    0    0]
 [   0    1    0    0 5839    0    0    0    0    0]
 [   0    0    0    2    0 5419    0    0    0    0]
 [   0    0    0    0    0    0 5918    0    0    0]
 [   0   13    0    1    0    0    0 6264    0    0]
 [   1    2    0    0    0    1    0    0 5851    0]
 [   0    0    0    1    3    0    0    0    0 5949]]
----------
Test data:
----------
Accuracy
0.9921
Precision
[(0.9918946301925026, 0.9989795918367347), (0.9982238010657194, 0.9903083700440528), (0.9913127413127413, 0.9951550387596899), (0.9891625615763546, 0.994059405940594), (0.9928789420142421, 0.9938900203665988), (0.9876681614349776, 0.9876681614349776), (0.9968354430379747, 0.9864300626304802), (0.9912451361867705, 0.9912451361867705), (0.9907786885245902, 0.9928131416837782), (0.9900891972249752, 0.9900891972249752)]
Confusion matrix
[[ 979    1    0    0    0    2    2    0    3    0]
 [   0 1124    0    0    0    0    2    0    0    0]
 [   0    1 1027    0    1    0    1    5    1    0]
 [   0    3    0 1004    0    7    0    0    1    0]
 [   0    0    1    0  976    0    2    0    0    4]
 [   0    0    0    3    0  881    4    0    1    3]
 [   0    1    0    0    1    1  945    0    0    0]
 [   1    3    3    0    0    0    0 1019    0    2]
 [   0    2    0    2    1    0    2    1  967    1]
 [   0    0    1    1    3    1    0    3    1  999]]
