----------
Train data:
----------
Accuracy
0.9998166666666667
Precision
[(0.99983119513842, 1.0), (0.9992587101556709, 0.9997033521210323), (0.9996642041638684, 0.9993286337697214), (1.0, 0.9998368944707225), (0.999828825744608, 0.999828825744608), (1.0, 1.0), (1.0, 1.0), (0.9998403575989783, 0.999680766161213), (1.0, 0.9998290890446078), (0.9998319327731092, 1.0)]
Confusion matrix
[[5923    0    0    0    0    0    0    1    0    0]
 [   0 6740    4    0    0    0    0    1    0    0]
 [   0    2 5954    0    0    0    0    0    0    0]
 [   0    0    0 6130    0    0    0    0    0    0]
 [   0    0    0    1 5841    0    0    0    0    0]
 [   0    0    0    0    0 5421    0    0    0    0]
 [   0    0    0    0    0    0 5918    0    0    0]
 [   0    0    0    0    1    0    0 6263    0    0]
 [   0    0    0    0    0    0    0    0 5850    0]
 [   0    0    0    0    0    0    0    0    1 5949]]
----------
Test data:
----------
Accuracy
0.9557
Precision
[(0.9677093844601413, 0.9785714285714285), (0.9850220264317181, 0.9850220264317181), (0.9545893719806763, 0.9573643410852714), (0.9468503937007874, 0.9524752475247524), (0.9475806451612904, 0.9572301425661914), (0.9535673839184597, 0.9439461883408071), (0.9633123689727463, 0.9592901878914405), (0.9588638589618022, 0.9523346303501945), (0.9357798165137615, 0.9425051334702259), (0.9395161290322581, 0.9236868186323092)]
Confusion matrix
[[ 959    0    8    0    1    4   10    1    6    2]
 [   1 1118    3    0    0    0    3    5    0    5]
 [   3    5  988    4    4    1    2   15   11    2]
 [   1    3    6  962    0   16    0    3   11   14]
 [   0    2    3    1  940    3   11    7    4   21]
 [   3    0    1   13    3  842    5    2    8    6]
 [   5    3    5    0    7    9  919    0    4    2]
 [   1    1   10    4    5    3    3  979    2   13]
 [   2    3    8   18    3    9    5    3  918   12]
 [   5    0    0    8   19    5    0   13   10  932]]
