----------
Train data:
----------
Accuracy
0.9962666666666666
Precision
[(0.9952774498229043, 0.996285666047611), (0.9985143366513148, 0.9968851972708395), (0.9928081618999832, 0.9963074857334676), (0.9968984655566439, 0.9960854672973414), (0.9964034937489296, 0.9958918178705922), (0.9970446989287034, 0.9957572403615569), (0.996622192197264, 0.9971274079080771), (0.9969677625279285, 0.9971268954509178), (0.9953838262950931, 0.995043582293625), (0.9964682139253279, 0.9959657085224407)]
Confusion matrix
[[5901    1    1    1    3    6    8    1    3    4]
 [   0 6721    3    2    1    1    0    1    2    0]
 [   3   10 5936    5    5    3    3    7    5    2]
 [   1    0    1 6107    2    1    0    2    8    4]
 [   4    3    3    0 5818    2    2    3    2    2]
 [   1    2    2    3    0 5398    3    0    2    3]
 [   3    0    0    1    5    7 5901    0    3    1]
 [   1    2    6    2    1    1    0 6247    1    5]
 [   4    3    4    7    2    1    1    2 5822    3]
 [   5    0    2    3    5    1    0    2    3 5925]]
----------
Test data:
----------
Accuracy
0.9476
Precision
[(0.9696969696969697, 0.9795918367346939), (0.9694055944055944, 0.9770925110132158), (0.9394812680115274, 0.9476744186046512), (0.9280155642023347, 0.9445544554455445), (0.9595854922279793, 0.9429735234215886), (0.9297658862876255, 0.9349775784753364), (0.9609704641350211, 0.9509394572025052), (0.944069431051109, 0.9523346303501945), (0.9292403746097815, 0.9168377823408624), (0.942366026289181, 0.9236868186323092)]
Confusion matrix
[[ 960    1    4    2    2    6    8    0    6    1]
 [   0 1109   11    0    3    2    2    6    5    6]
 [   3    3  978   15    9    1    8   14    7    3]
 [   2    2   10  954    2   19    2    8   19   10]
 [   1    0    5    0  926    2    6    0    4   21]
 [   5    2    2   15    7  834    9    0   17    6]
 [   3    5    3    0    5   11  911    0    8    2]
 [   4    5    7    8    5    1    4  979    7   17]
 [   2    7   11    9    4   13    7    4  893   11]
 [   0    1    1    7   19    3    1   17    8  932]]
